1705417398 15:03:18 0 0.00 0.00 0.00 0.00 0.00 0.00 0.00 0.00 0.00 100.00
1705417398 15:03:18 1 0.00 0.00 0.00 0.00 0.00 0.00 0.00 0.00 0.00 100.00
1705417398 15:03:18 2 0.00 0.00 0.00 0.00 0.00 0.00 0.00 0.00 0.00 100.00
1705417398 15:03:18 3 0.00 0.00 0.00 0.00 0.00 0.00 0.00 0.00 0.00 100.00
1705417398 15:03:18 4 0.00 0.00 0.00 0.00 0.00 0.00 0.00 0.00 0.00 100.00
1705417398 15:03:18 5 0.00 0.00 0.00 0.00 0.00 0.00 0.00 0.00 0.00 100.00
1705417398 15:03:18 6 0.00 0.00 1.00 0.00 0.00 0.00 0.00 0.00 0.00 99.00
1705417398 15:03:18 7 0.00 0.00 0.00 0.00 0.00 0.00 0.00 0.00 0.00 100.00
1705417398 15:03:18 8 0.00 0.00 0.00 0.00 0.00 0.00 0.00 0.00 0.00 100.00
1705417398 15:03:18 9 0.00 0.00 0.00 0.00 0.00 0.00 0.00 0.00 0.00 100.00
1705417398 15:03:18 10 0.00 0.00 0.00 0.00 0.00 0.00 0.00 0.00 0.00 100.00
1705417398 15:03:18 11 0.00 0.00 0.00 0.00 0.00 0.00 0.00 0.00 0.00 100.00
1705417398 15:03:18 12 0.00 0.00 0.00 0.00 0.00 0.00 0.00 0.00 0.00 100.00
1705417398 15:03:18 13 0.00 0.00 0.00 0.00 0.00 0.00 0.00 0.00 0.00 100.00
1705417398 15:03:18 14 0.00 0.00 0.00 0.00 0.00 0.00 0.00 0.00 0.00 100.00
1705417398 15:03:18 15 0.99 0.00 0.00 0.00 0.00 0.00 0.00 0.00 0.00 99.01
1705417399 15:03:19 0 0.00 0.00 0.00 0.00 0.00 0.00 0.00 0.00 0.00 100.00
1705417399 15:03:19 1 0.00 0.00 0.00 0.00 0.00 0.00 0.00 0.00 0.00 100.00
1705417399 15:03:19 2 0.00 0.00 0.00 0.00 0.00 0.00 0.00 0.00 0.00 100.00
1705417399 15:03:19 3 0.00 0.00 0.00 0.00 0.00 0.00 0.00 0.00 0.00 100.00
1705417399 15:03:19 4 0.00 0.00 0.00 0.00 0.00 0.00 0.00 0.00 0.00 100.00
1705417399 15:03:19 5 0.00 0.00 0.00 0.00 0.00 0.00 0.00 0.00 0.00 100.00
1705417399 15:03:19 6 0.00 0.00 0.00 0.00 0.00 0.00 0.00 0.00 0.00 100.00
1705417399 15:03:19 7 0.00 0.00 0.00 0.00 0.00 0.00 0.00 0.00 0.00 100.00
1705417399 15:03:19 8 0.00 0.00 0.00 0.00 0.00 0.00 0.00 0.00 0.00 100.00
1705417399 15:03:19 9 0.00 0.00 0.00 0.00 0.00 0.00 0.00 0.00 0.00 100.00
1705417399 15:03:19 10 0.00 0.00 0.99 0.00 0.00 0.00 0.00 0.00 0.00 99.01
1705417399 15:03:19 11 0.00 0.00 0.00 0.00 0.00 0.00 0.00 0.00 0.00 100.00
1705417399 15:03:19 12 0.00 0.00 0.00 0.00 0.00 0.00 0.00 0.00 0.00 100.00
1705417399 15:03:19 13 0.00 0.00 0.00 0.00 0.00 0.00 0.00 0.00 0.00 100.00
1705417399 15:03:19 14 0.00 0.00 1.00 0.00 0.00 0.00 0.00 0.00 0.00 99.00
1705417399 15:03:19 15 0.00 0.00 0.00 0.00 0.00 0.00 0.00 0.00 0.00 100.00
1705417400 15:03:20 0 0.00 0.00 0.00 0.00 0.00 0.00 0.00 0.00 0.00 100.00
1705417400 15:03:20 1 0.00 0.00 0.99 0.00 0.00 0.00 0.00 0.00 0.00 99.01
1705417400 15:03:20 2 0.00 0.00 0.00 0.00 0.00 0.00 0.00 0.00 0.00 100.00
1705417400 15:03:20 3 0.00 0.00 0.00 0.00 0.00 0.00 0.00 0.00 0.00 100.00
1705417400 15:03:20 4 0.00 0.00 0.00 0.00 0.00 0.00 0.00 0.00 0.00 100.00
1705417400 15:03:20 5 0.98 0.00 0.98 0.00 0.00 0.00 0.00 0.00 0.00 98.04
1705417400 15:03:20 6 0.00 0.00 0.00 0.00 0.00 0.00 0.00 0.00 0.00 100.00
1705417400 15:03:20 7 0.00 0.00 0.00 0.00 0.00 0.00 0.00 0.00 0.00 100.00
1705417400 15:03:20 8 0.00 0.00 0.00 0.00 0.00 0.00 0.00 0.00 0.00 100.00
1705417400 15:03:20 9 0.00 0.00 0.00 0.00 0.00 0.00 0.00 0.00 0.00 100.00
1705417400 15:03:20 10 0.00 0.00 0.99 0.00 0.00 0.00 0.00 0.00 0.00 99.01
1705417400 15:03:20 11 0.00 0.00 0.00 0.00 0.00 0.00 0.00 0.00 0.00 100.00
1705417400 15:03:20 12 0.00 0.00 0.00 0.00 0.00 0.00 0.00 0.00 0.00 100.00
1705417400 15:03:20 13 0.00 0.00 0.00 0.00 0.00 0.00 0.00 0.00 0.00 100.00
1705417400 15:03:20 14 0.00 0.00 0.00 0.00 0.00 0.00 0.00 0.00 0.00 100.00
1705417400 15:03:20 15 0.00 0.00 0.00 0.00 0.00 0.00 0.00 0.00 0.00 100.00
1705417401 15:03:21 0 0.00 0.00 0.00 0.00 0.00 0.00 0.00 0.00 0.00 100.00
1705417401 15:03:21 1 0.00 0.00 0.00 0.00 0.00 0.00 0.00 0.00 0.00 100.00
1705417401 15:03:21 2 0.00 0.00 0.99 0.00 0.00 0.00 0.00 0.00 0.00 99.01
1705417401 15:03:21 3 0.00 0.00 0.00 0.00 0.00 0.00 0.00 0.00 0.00 100.00
1705417401 15:03:21 4 0.00 0.00 0.00 0.00 0.00 0.00 0.00 0.00 0.00 100.00
1705417401 15:03:21 5 0.00 0.00 0.00 0.00 0.00 0.00 0.00 0.00 0.00 100.00
1705417401 15:03:21 6 0.00 0.00 0.00 0.00 0.00 0.00 0.00 0.00 0.00 100.00
1705417401 15:03:21 7 0.00 0.00 0.00 0.00 0.00 0.00 0.00 0.00 0.00 100.00
1705417401 15:03:21 8 0.00 0.00 0.00 0.00 0.00 0.00 0.00 0.00 0.00 100.00
1705417401 15:03:21 9 0.00 0.00 0.99 0.00 0.00 0.00 0.00 0.00 0.00 99.01
1705417401 15:03:21 10 0.00 0.00 0.00 0.00 0.00 0.00 0.00 0.00 0.00 100.00
1705417401 15:03:21 11 0.00 0.00 0.00 0.00 0.00 0.00 0.00 0.00 0.00 100.00
1705417401 15:03:21 12 1.00 0.00 0.00 0.00 0.00 0.00 0.00 0.00 0.00 99.00
1705417401 15:03:21 13 0.00 0.00 0.00 0.00 0.00 0.00 0.00 0.00 0.00 100.00
1705417401 15:03:21 14 0.00 0.00 0.00 0.00 0.00 0.00 0.00 0.00 0.00 100.00
1705417401 15:03:21 15 0.00 0.00 0.00 0.00 0.00 0.00 0.00 0.00 0.00 100.00
1705417402 15:03:22 0 0.00 0.00 0.00 0.00 0.00 0.00 0.00 0.00 0.00 100.00
1705417402 15:03:22 1 0.99 0.00 0.00 0.00 0.00 0.00 0.00 0.00 0.00 99.01
1705417402 15:03:22 2 0.00 0.00 0.00 0.00 0.00 0.00 0.00 0.00 0.00 100.00
1705417402 15:03:22 3 0.00 0.00 0.00 0.00 0.00 0.00 0.00 0.00 0.00 100.00
1705417402 15:03:22 4 0.00 0.00 0.00 0.00 0.00 0.00 0.00 0.00 0.00 100.00
1705417402 15:03:22 5 0.00 0.00 0.00 0.00 0.00 0.00 0.00 0.00 0.00 100.00
1705417402 15:03:22 6 0.00 0.00 0.00 0.00 0.00 0.00 0.00 0.00 0.00 100.00
1705417402 15:03:22 7 0.00 0.00 0.00 0.00 0.00 0.00 0.00 0.00 0.00 100.00
1705417402 15:03:22 8 0.00 0.00 0.99 0.00 0.00 0.00 0.00 0.00 0.00 99.01
1705417402 15:03:22 9 0.00 0.00 0.00 0.00 0.00 0.00 0.00 0.00 0.00 100.00
1705417402 15:03:22 10 0.00 0.00 0.99 0.00 0.00 0.00 0.00 0.00 0.00 99.01
1705417402 15:03:22 11 0.99 0.00 0.00 0.00 0.00 0.00 0.00 0.00 0.00 99.01
1705417402 15:03:22 12 0.00 0.00 0.00 0.00 0.00 0.00 0.00 0.00 0.00 100.00
1705417402 15:03:22 13 0.00 0.00 0.00 0.00 0.00 0.00 0.00 0.00 0.00 100.00
1705417402 15:03:22 14 0.00 0.00 0.00 0.00 0.00 0.00 0.00 0.00 0.00 100.00
1705417402 15:03:22 15 0.00 0.00 0.00 0.00 0.00 0.00 0.00 0.00 0.00 100.00
1705417403 15:03:23 0 0.00 0.00 0.00 0.00 0.00 0.00 0.00 0.00 0.00 100.00
1705417403 15:03:23 1 0.00 0.00 0.00 0.00 0.00 0.00 0.00 0.00 0.00 100.00
1705417403 15:03:23 2 0.00 0.00 0.99 0.00 0.00 0.00 0.00 0.00 0.00 99.01
1705417403 15:03:23 3 0.00 0.00 0.99 0.00 0.00 0.00 0.00 0.00 0.00 99.01
1705417403 15:03:23 4 0.00 0.00 0.00 0.00 0.00 0.00 0.00 0.00 0.00 100.00
1705417403 15:03:23 5 0.00 0.00 0.00 0.00 0.00 0.00 0.00 0.00 0.00 100.00
1705417403 15:03:23 6 0.00 0.00 0.00 0.00 0.00 0.00 0.00 0.00 0.00 100.00
1705417403 15:03:23 7 0.00 0.00 0.00 0.00 0.00 0.00 0.00 0.00 0.00 100.00
1705417403 15:03:23 8 0.00 0.00 0.00 0.00 0.00 0.00 0.00 0.00 0.00 100.00
1705417403 15:03:23 9 0.00 0.00 0.00 0.00 0.00 0.00 0.00 0.00 0.00 100.00
1705417403 15:03:23 10 0.00 0.00 0.00 0.00 0.00 0.00 0.00 0.00 0.00 100.00
1705417403 15:03:23 11 0.00 0.00 0.00 0.00 0.00 0.00 0.00 0.00 0.00 100.00
1705417403 15:03:23 12 0.00 0.00 0.00 0.00 0.00 0.00 0.00 0.00 0.00 100.00
1705417403 15:03:23 13 0.00 0.00 0.00 0.00 0.00 0.00 0.00 0.00 0.00 100.00
1705417403 15:03:23 14 0.00 0.00 0.00 0.00 0.00 0.00 0.00 0.00 0.00 100.00
1705417403 15:03:23 15 0.00 0.00 0.00 0.00 0.00 0.00 0.00 0.00 0.00 100.00
1705417404 15:03:24 0 0.00 0.00 0.00 0.00 0.00 0.00 0.00 0.00 0.00 100.00
1705417404 15:03:24 1 0.99 0.00 0.00 0.00 0.00 0.00 0.00 0.00 0.00 99.01
1705417404 15:03:24 2 0.00 0.00 0.99 0.00 0.00 0.00 0.00 0.00 0.00 99.01
1705417404 15:03:24 3 0.00 0.00 0.00 0.00 0.00 0.00 0.00 0.00 0.00 100.00
1705417404 15:03:24 4 0.00 0.00 0.00 0.00 0.00 0.00 0.00 0.00 0.00 100.00
1705417404 15:03:24 5 0.00 0.00 0.00 0.00 0.00 0.00 0.00 0.00 0.00 100.00
1705417404 15:03:24 6 0.00 0.00 0.00 0.00 0.00 0.00 0.00 0.00 0.00 100.00
1705417404 15:03:24 7 0.00 0.00 0.99 0.00 0.00 0.00 0.00 0.00 0.00 99.01
1705417404 15:03:24 8 0.00 0.00 0.00 0.00 0.00 0.00 0.00 0.00 0.00 100.00
1705417404 15:03:24 9 0.00 0.00 0.99 0.00 0.00 0.00 0.00 0.00 0.00 99.01
1705417404 15:03:24 10 0.00 0.00 0.00 0.00 0.00 0.00 0.00 0.00 0.00 100.00
1705417404 15:03:24 11 0.00 0.00 0.00 0.00 0.00 0.00 0.00 0.00 0.00 100.00
1705417404 15:03:24 12 0.00 0.00 0.00 0.00 0.00 0.00 0.00 0.00 0.00 100.00
1705417404 15:03:24 13 0.00 0.00 0.00 0.00 0.00 0.00 0.00 0.00 0.00 100.00
1705417404 15:03:24 14 0.00 0.00 0.00 0.00 0.00 0.00 0.00 0.00 0.00 100.00
1705417404 15:03:24 15 0.00 0.00 0.99 0.00 0.00 0.00 0.00 0.00 0.00 99.01
1705417405 15:03:25 0 37.25 0.00 4.90 0.00 0.00 0.00 0.00 0.00 0.00 57.84
1705417405 15:03:25 1 38.61 0.00 3.96 0.00 0.00 0.00 0.00 0.00 0.00 57.43
1705417406 15:03:25 2 82.83 0.00 9.09 0.00 0.00 0.00 0.00 0.00 0.00 8.08
1705417406 15:03:25 3 38.38 0.00 2.02 0.00 0.00 0.00 0.00 0.00 0.00 59.60
1705417406 15:03:25 4 38.61 0.00 2.97 0.00 0.00 0.00 0.00 0.00 0.00 58.42
1705417406 15:03:25 5 35.71 0.00 5.10 0.00 0.00 0.00 0.00 0.00 0.00 59.18
1705417406 15:03:25 6 38.00 0.00 5.00 0.00 0.00 0.00 0.00 0.00 0.00 57.00
1705417406 15:03:25 7 38.00 0.00 3.00 0.00 0.00 0.00 0.00 0.00 0.00 59.00
1705417406 15:03:25 8 37.00 0.00 4.00 0.00 0.00 0.00 0.00 0.00 0.00 59.00
1705417406 15:03:25 9 36.36 0.00 4.04 0.00 0.00 0.00 0.00 0.00 0.00 59.60
1705417406 15:03:25 10 37.00 0.00 5.00 0.00 0.00 0.00 0.00 0.00 0.00 58.00
1705417406 15:03:25 11 36.36 0.00 2.02 0.00 0.00 0.00 0.00 0.00 0.00 61.62
1705417406 15:03:25 12 38.38 0.00 2.02 0.00 0.00 0.00 0.00 0.00 0.00 59.60
1705417406 15:03:25 13 41.84 0.00 3.06 0.00 0.00 0.00 0.00 0.00 0.00 55.10
1705417406 15:03:25 14 34.69 0.00 3.06 0.00 0.00 0.00 0.00 0.00 0.00 62.24
1705417406 15:03:25 15 36.00 0.00 3.00 0.00 0.00 0.00 0.00 0.00 0.00 61.00
1705417406 15:03:26 0 52.53 0.00 4.04 0.00 0.00 0.00 0.00 0.00 0.00 43.43
1705417406 15:03:26 1 50.51 0.00 4.04 0.00 0.00 0.00 0.00 0.00 0.00 45.45
1705417406 15:03:26 2 49.00 0.00 6.00 0.00 0.00 0.00 0.00 0.00 0.00 45.00
1705417406 15:03:26 3 50.50 0.00 4.95 0.00 0.00 0.00 0.00 0.00 0.00 44.55
1705417406 15:03:26 4 55.56 0.00 2.02 0.00 0.00 0.00 0.00 0.00 0.00 42.42
1705417406 15:03:26 5 53.47 0.00 3.96 0.00 0.00 0.00 0.00 0.00 0.00 42.57
1705417406 15:03:26 6 54.46 0.00 4.95 0.00 0.00 0.00 0.00 0.00 0.00 40.59
1705417406 15:03:26 7 53.54 0.00 4.04 0.00 0.00 0.00 0.00 0.00 0.00 42.42
1705417406 15:03:26 8 54.00 0.00 3.00 0.00 0.00 0.00 0.00 0.00 0.00 43.00
1705417406 15:03:26 9 53.47 0.00 4.95 0.00 0.00 0.00 0.00 0.00 0.00 41.58
1705417406 15:03:26 10 59.00 0.00 2.00 0.00 0.00 0.00 0.00 0.00 0.00 39.00
1705417406 15:03:26 11 53.54 0.00 5.05 0.00 0.00 0.00 0.00 0.00 0.00 41.41
1705417406 15:03:26 12 52.00 0.00 3.00 0.00 0.00 0.00 0.00 0.00 0.00 45.00
1705417406 15:03:26 13 54.55 0.00 3.03 0.00 0.00 0.00 0.00 0.00 0.00 42.42
1705417406 15:03:26 14 50.50 0.00 5.94 0.00 0.00 0.00 0.00 0.00 0.00 43.56
1705417406 15:03:26 15 55.00 0.00 4.00 0.00 0.00 0.00 0.00 0.00 0.00 41.00
1705417407 15:03:27 0 2.00 0.00 0.00 0.00 0.00 0.00 0.00 0.00 0.00 98.00
1705417407 15:03:27 1 0.00 0.00 0.00 0.00 0.00 0.00 0.00 0.00 0.00 100.00
1705417407 15:03:27 2 0.99 0.00 0.99 0.00 0.00 0.00 0.00 0.00 0.00 98.02
1705417407 15:03:27 3 1.01 0.00 0.00 0.00 0.00 0.00 0.00 0.00 0.00 98.99
1705417407 15:03:27 4 1.00 0.00 0.00 0.00 0.00 0.00 0.00 0.00 0.00 99.00
1705417407 15:03:27 5 2.00 0.00 0.00 0.00 0.00 0.00 0.00 0.00 0.00 98.00
1705417407 15:03:27 6 3.00 0.00 1.00 0.00 0.00 0.00 0.00 0.00 0.00 96.00
1705417407 15:03:27 7 1.98 0.00 0.00 0.00 0.00 0.00 0.00 0.00 0.00 98.02
1705417407 15:03:27 8 2.02 0.00 0.00 0.00 0.00 0.00 0.00 0.00 0.00 97.98
1705417407 15:03:27 9 2.00 0.00 1.00 0.00 0.00 0.00 0.00 0.00 0.00 97.00
1705417407 15:03:27 10 2.02 0.00 0.00 0.00 0.00 0.00 0.00 0.00 0.00 97.98
1705417407 15:03:27 11 1.98 0.00 0.99 0.00 0.00 0.00 0.00 0.00 0.00 97.03
1705417407 15:03:27 12 0.00 0.00 0.00 0.00 0.00 0.00 0.00 0.00 0.00 100.00
1705417407 15:03:27 13 0.00 0.00 1.00 0.00 0.00 0.00 0.00 0.00 0.00 99.00
1705417407 15:03:27 14 2.00 0.00 0.00 0.00 0.00 0.00 0.00 0.00 0.00 98.00
1705417407 15:03:27 15 2.97 0.00 0.99 0.00 0.00 0.00 0.00 0.00 0.00 96.04
1705417408 15:03:28 0 0.00 0.00 0.00 0.00 0.00 0.00 0.00 0.00 0.00 100.00
1705417408 15:03:28 1 0.00 0.00 0.00 0.00 0.00 0.00 0.00 0.00 0.00 100.00
1705417408 15:03:28 2 0.00 0.00 0.00 0.00 0.00 0.00 0.00 0.00 0.00 100.00
1705417408 15:03:28 3 1.00 0.00 0.00 0.00 0.00 0.00 0.00 0.00 0.00 99.00
1705417408 15:03:28 4 1.98 0.00 0.99 0.00 0.00 0.00 0.00 0.00 0.00 97.03
1705417408 15:03:28 5 1.00 0.00 0.00 0.00 0.00 0.00 1.00 0.00 0.00 98.00
1705417408 15:03:28 6 1.00 0.00 1.00 0.00 0.00 0.00 0.00 0.00 0.00 98.00
1705417408 15:03:28 7 0.99 0.00 0.99 0.00 0.00 0.00 0.00 0.00 0.00 98.02
1705417408 15:03:28 8 2.00 0.00 0.00 0.00 0.00 0.00 0.00 0.00 0.00 98.00
1705417408 15:03:28 9 0.00 0.00 0.00 0.00 0.00 0.00 0.00 0.00 0.00 100.00
1705417408 15:03:28 10 3.00 0.00 0.00 0.00 0.00 0.00 0.00 0.00 0.00 97.00
1705417408 15:03:28 11 3.00 0.00 0.00 0.00 0.00 0.00 0.00 0.00 0.00 97.00
1705417408 15:03:28 12 0.00 0.00 0.00 0.00 0.00 0.00 0.00 0.00 0.00 100.00
1705417408 15:03:28 13 1.00 0.00 0.00 0.00 0.00 0.00 0.00 0.00 0.00 99.00
1705417408 15:03:28 14 2.00 0.00 0.00 0.00 0.00 0.00 0.00 0.00 0.00 98.00
1705417408 15:03:28 15 0.00 0.00 1.98 0.00 0.00 0.00 0.00 0.00 0.00 98.02
1705417409 15:03:29 0 2.00 0.00 0.00 0.00 0.00 0.00 0.00 0.00 0.00 98.00
1705417409 15:03:29 1 0.00 0.00 0.99 0.00 0.00 0.00 0.00 0.00 0.00 99.01
1705417409 15:03:29 2 0.00 0.00 0.00 0.00 0.00 0.00 0.00 0.00 0.00 100.00
1705417409 15:03:29 3 1.00 0.00 0.00 0.00 0.00 0.00 0.00 0.00 0.00 99.00
1705417409 15:03:29 4 0.00 0.00 0.00 0.00 0.00 0.00 0.00 0.00 0.00 100.00
1705417409 15:03:29 5 3.00 0.00 0.00 0.00 0.00 0.00 0.00 0.00 0.00 97.00
1705417409 15:03:29 6 1.00 0.00 0.00 0.00 0.00 0.00 0.00 0.00 0.00 99.00
1705417409 15:03:29 7 1.01 0.00 0.00 0.00 0.00 0.00 0.00 0.00 0.00 98.99
1705417409 15:03:29 8 1.00 0.00 0.00 0.00 0.00 0.00 0.00 0.00 0.00 99.00
1705417409 15:03:29 9 0.00 0.00 0.00 0.00 0.00 0.00 0.00 0.00 0.00 100.00
1705417409 15:03:29 10 2.00 0.00 1.00 0.00 0.00 0.00 0.00 0.00 0.00 97.00
1705417409 15:03:29 11 3.00 0.00 0.00 0.00 0.00 0.00 0.00 0.00 0.00 97.00
1705417409 15:03:29 12 0.00 0.00 0.00 0.00 0.00 0.00 0.00 0.00 0.00 100.00
1705417409 15:03:29 13 1.00 0.00 0.00 0.00 0.00 0.00 0.00 0.00 0.00 99.00
1705417409 15:03:29 14 0.00 0.00 0.00 0.00 0.00 0.00 0.00 0.00 0.00 100.00
1705417409 15:03:29 15 1.01 0.00 0.00 0.00 0.00 0.00 0.00 0.00 0.00 98.99
1705417410 15:03:30 0 0.99 0.00 0.99 0.00 0.00 0.00 0.00 0.00 0.00 98.02
1705417410 15:03:30 1 0.00 0.00 0.00 0.00 0.00 0.00 0.00 0.00 0.00 100.00
1705417410 15:03:30 2 0.00 0.00 0.00 0.00 0.00 0.00 0.00 0.00 0.00 100.00
1705417410 15:03:30 3 1.01 0.00 0.00 0.00 0.00 0.00 0.00 0.00 0.00 98.99
1705417410 15:03:30 4 1.98 0.00 0.00 0.00 0.00 0.00 0.00 0.00 0.00 98.02
1705417410 15:03:30 5 1.01 0.00 0.00 0.00 0.00 0.00 0.00 0.00 0.00 98.99
1705417410 15:03:30 6 1.00 0.00 1.00 0.00 0.00 0.00 0.00 0.00 0.00 98.00
1705417410 15:03:30 7 1.00 0.00 0.00 0.00 0.00 0.00 0.00 0.00 0.00 99.00
1705417410 15:03:30 8 0.99 0.00 0.99 0.00 0.00 0.00 0.00 0.00 0.00 98.02
1705417410 15:03:30 9 0.00 0.00 0.00 0.00 0.00 0.00 0.00 0.00 0.00 100.00
1705417410 15:03:30 10 3.96 0.00 0.00 0.00 0.00 0.00 0.00 0.00 0.00 96.04
1705417410 15:03:30 11 1.00 0.00 1.00 0.00 0.00 0.00 0.00 0.00 0.00 98.00
1705417410 15:03:30 12 0.00 0.00 0.00 0.00 0.00 0.00 0.00 0.00 0.00 100.00
1705417410 15:03:30 13 1.00 0.00 1.00 0.00 0.00 0.00 0.00 0.00 0.00 98.00
1705417410 15:03:30 14 1.00 0.00 0.00 0.00 0.00 0.00 0.00 0.00 0.00 99.00
1705417410 15:03:30 15 1.00 0.00 0.00 0.00 0.00 0.00 0.00 0.00 0.00 99.00
1705417411 15:03:31 0 1.00 0.00 0.00 0.00 0.00 0.00 0.00 0.00 0.00 99.00
1705417411 15:03:31 1 0.00 0.00 0.00 0.00 0.00 0.00 0.00 0.00 0.00 100.00
1705417411 15:03:31 2 0.00 0.00 0.00 0.00 0.00 0.00 0.00 0.00 0.00 100.00
1705417411 15:03:31 3 1.01 0.00 0.00 0.00 0.00 0.00 0.00 0.00 0.00 98.99
1705417411 15:03:31 4 1.00 0.00 1.00 0.00 0.00 0.00 0.00 0.00 0.00 98.00
1705417411 15:03:31 5 2.94 0.00 0.98 0.00 0.00 0.00 0.00 0.00 0.00 96.08
1705417411 15:03:31 6 0.99 0.00 0.00 0.00 0.00 0.00 0.00 0.00 0.00 99.01
1705417411 15:03:31 7 1.98 0.00 0.99 0.00 0.00 0.00 0.00 0.00 0.00 97.03
1705417411 15:03:31 8 0.00 0.00 0.00 0.00 0.00 0.00 0.00 0.00 0.00 100.00
1705417411 15:03:31 9 0.00 0.00 0.00 0.00 0.00 0.00 0.00 0.00 0.00 100.00
1705417411 15:03:31 10 2.00 0.00 0.00 0.00 0.00 0.00 0.00 0.00 0.00 98.00
1705417411 15:03:31 11 2.97 0.00 0.00 0.00 0.00 0.00 0.00 0.00 0.00 97.03
1705417411 15:03:31 12 0.00 0.00 0.99 0.00 0.00 0.00 0.00 0.00 0.00 99.01
1705417411 15:03:31 13 0.99 0.00 0.00 0.00 0.00 0.00 0.00 0.00 0.00 99.01
1705417411 15:03:31 14 0.00 0.00 1.00 0.00 0.00 0.00 0.00 0.00 0.00 99.00
1705417411 15:03:31 15 1.01 0.00 0.00 0.00 0.00 0.00 0.00 0.00 0.00 98.99
1705417412 15:03:32 0 0.00 0.00 0.00 0.00 0.00 0.00 0.00 0.00 0.00 100.00
1705417412 15:03:32 1 0.00 0.00 0.00 0.00 0.00 0.00 0.00 0.00 0.00 100.00
1705417412 15:03:32 2 0.00 0.00 0.00 0.00 0.00 0.00 0.00 0.00 0.00 100.00
1705417412 15:03:32 3 0.00 0.00 0.00 0.00 0.00 0.00 0.00 0.00 0.00 100.00
1705417412 15:03:32 4 1.00 0.00 0.00 0.00 0.00 0.00 0.00 0.00 0.00 99.00
1705417412 15:03:32 5 1.01 0.00 0.00 0.00 0.00 0.00 0.00 0.00 0.00 98.99
1705417412 15:03:32 6 0.99 0.00 0.00 0.00 0.00 0.00 0.00 0.00 0.00 99.01
1705417412 15:03:32 7 1.01 0.00 0.00 0.00 0.00 0.00 0.00 0.00 0.00 98.99
1705417412 15:03:32 8 1.00 0.00 0.00 0.00 0.00 0.00 0.00 0.00 0.00 99.00
1705417412 15:03:32 9 0.00 0.00 0.00 0.00 0.00 0.00 0.00 0.00 0.00 100.00
1705417412 15:03:32 10 2.97 0.00 0.00 0.00 0.00 0.00 0.00 0.00 0.00 97.03
1705417412 15:03:32 11 1.96 0.00 1.96 0.00 0.00 0.00 0.00 0.00 0.00 96.08
1705417412 15:03:32 12 0.00 0.00 0.00 0.00 0.00 0.00 0.00 0.00 0.00 100.00
1705417412 15:03:32 13 0.00 0.00 0.00 0.00 0.00 0.00 0.00 0.00 0.00 100.00
1705417412 15:03:32 14 1.01 0.00 0.00 0.00 0.00 0.00 0.00 0.00 0.00 98.99
1705417412 15:03:32 15 1.00 0.00 0.00 0.00 0.00 0.00 0.00 0.00 0.00 99.00
1705417413 15:03:33 0 3.00 0.00 0.00 0.00 0.00 0.00 0.00 0.00 0.00 97.00
1705417413 15:03:33 1 1.00 0.00 0.00 0.00 0.00 0.00 0.00 0.00 0.00 99.00
1705417413 15:03:33 2 0.98 0.00 0.98 0.00 0.00 0.00 0.00 0.00 0.00 98.04
1705417413 15:03:33 3 3.03 0.00 0.00 0.00 0.00 0.00 0.00 0.00 0.00 96.97
1705417413 15:03:33 4 2.00 0.00 0.00 0.00 0.00 0.00 0.00 0.00 0.00 98.00
1705417413 15:03:33 5 2.97 0.00 0.99 0.00 0.00 0.00 0.00 0.00 0.00 96.04
1705417413 15:03:33 6 2.02 0.00 0.00 0.00 0.00 0.00 0.00 0.00 0.00 97.98
1705417413 15:03:33 7 4.00 0.00 0.00 0.00 0.00 0.00 0.00 0.00 0.00 96.00
1705417413 15:03:33 8 2.00 0.00 1.00 0.00 0.00 0.00 0.00 0.00 0.00 97.00
1705417413 15:03:33 9 2.00 0.00 0.00 0.00 0.00 0.00 0.00 0.00 0.00 98.00
1705417413 15:03:33 10 4.00 0.00 1.00 0.00 0.00 0.00 0.00 0.00 0.00 95.00
1705417413 15:03:33 11 5.00 0.00 0.00 0.00 0.00 0.00 0.00 0.00 0.00 95.00
1705417413 15:03:33 12 2.97 0.00 0.99 0.00 0.00 0.00 0.00 0.00 0.00 96.04
1705417413 15:03:33 13 3.96 0.00 0.99 0.00 0.00 0.00 0.00 0.00 0.00 95.05
1705417413 15:03:33 14 2.97 0.00 0.00 0.00 0.00 0.00 0.00 0.00 0.00 97.03
1705417413 15:03:33 15 1.98 0.00 0.99 0.00 0.00 0.00 0.00 0.00 0.00 97.03
1705417414 15:03:34 0 0.99 0.00 0.99 0.00 0.00 0.00 0.00 0.00 0.00 98.02
1705417414 15:03:34 1 0.00 0.00 0.00 0.00 0.00 0.00 0.00 0.00 0.00 100.00
1705417414 15:03:34 2 0.00 0.00 0.00 0.00 0.00 0.00 0.00 0.00 0.00 100.00
1705417414 15:03:34 3 1.00 0.00 1.00 0.00 0.00 0.00 0.00 0.00 0.00 98.00
1705417414 15:03:34 4 1.98 0.00 0.00 0.00 0.00 0.00 0.00 0.00 0.00 98.02
1705417414 15:03:34 5 1.00 0.00 0.00 0.00 0.00 0.00 0.00 0.00 0.00 99.00
1705417414 15:03:34 6 1.98 0.00 0.00 0.00 0.00 0.00 0.00 0.00 0.00 98.02
1705417414 15:03:34 7 3.00 0.00 0.00 0.00 0.00 0.00 0.00 0.00 0.00 97.00
1705417414 15:03:34 8 2.00 0.00 1.00 0.00 0.00 0.00 0.00 0.00 0.00 97.00
1705417414 15:03:34 9 0.00 0.00 0.00 0.00 0.00 0.00 0.00 0.00 0.00 100.00
1705417414 15:03:34 10 1.01 0.00 0.00 0.00 0.00 0.00 0.00 0.00 0.00 98.99
1705417414 15:03:34 11 2.97 0.00 0.00 0.00 0.00 0.00 0.00 0.00 0.00 97.03
1705417414 15:03:34 12 0.00 0.00 0.00 0.00 0.00 0.00 0.00 0.00 0.00 100.00
1705417414 15:03:34 13 0.00 0.00 0.00 0.00 0.00 0.00 0.00 0.00 0.00 100.00
1705417414 15:03:34 14 0.00 0.00 0.00 0.00 0.00 0.00 0.00 0.00 0.00 100.00
1705417414 15:03:34 15 2.02 0.00 0.00 0.00 0.00 0.00 0.00 0.00 0.00 97.98
1705417415 15:03:35 0 3.00 0.00 0.00 0.00 0.00 0.00 0.00 0.00 0.00 97.00
1705417415 15:03:35 1 0.00 0.00 0.00 0.00 0.00 0.00 0.00 0.00 0.00 100.00
1705417415 15:03:35 2 0.00 0.00 1.00 0.00 0.00 0.00 0.00 0.00 0.00 99.00
1705417415 15:03:35 3 3.03 0.00 1.01 0.00 0.00 0.00 0.00 0.00 0.00 95.96
1705417415 15:03:35 4 0.00 0.00 0.00 0.00 0.00 0.00 0.00 0.00 0.00 100.00
1705417415 15:03:35 5 3.00 0.00 1.00 0.00 0.00 0.00 0.00 0.00 0.00 96.00
1705417415 15:03:35 6 0.00 0.00 0.00 0.00 0.00 0.00 0.00 0.00 0.00 100.00
1705417415 15:03:35 7 2.97 0.00 0.99 0.00 0.00 0.00 0.00 0.00 0.00 96.04
1705417415 15:03:35 8 1.01 0.00 0.00 0.00 0.00 0.00 0.00 0.00 0.00 98.99
1705417415 15:03:35 9 0.00 0.00 0.00 0.00 0.00 0.00 0.00 0.00 0.00 100.00
1705417415 15:03:35 10 5.00 0.00 0.00 0.00 0.00 0.00 0.00 0.00 0.00 95.00
1705417415 15:03:35 11 2.97 0.00 0.99 0.00 0.00 0.00 0.00 0.00 0.00 96.04
1705417415 15:03:35 12 0.00 0.00 0.00 0.00 0.00 0.00 0.00 0.00 0.00 100.00
1705417415 15:03:35 13 1.01 0.00 0.00 0.00 0.00 0.00 0.00 0.00 0.00 98.99
1705417415 15:03:35 14 1.00 0.00 0.00 0.00 0.00 0.00 0.00 0.00 0.00 99.00
1705417415 15:03:35 15 4.95 0.00 0.00 0.00 0.00 0.00 0.00 0.00 0.00 95.05
1705417416 15:03:36 0 2.02 0.00 0.00 0.00 0.00 0.00 0.00 0.00 0.00 97.98
1705417416 15:03:36 1 0.00 0.00 0.99 0.00 0.00 0.00 0.00 0.00 0.00 99.01
1705417416 15:03:36 2 0.00 0.00 0.00 0.00 0.00 0.00 0.00 0.00 0.00 100.00
1705417416 15:03:36 3 1.02 0.00 0.00 0.00 0.00 0.00 0.00 0.00 0.00 98.98
1705417416 15:03:36 4 1.00 0.00 0.00 0.00 0.00 0.00 0.00 0.00 0.00 99.00
1705417416 15:03:36 5 1.01 0.00 0.00 0.00 0.00 0.00 0.00 0.00 0.00 98.99
1705417416 15:03:36 6 1.98 0.00 0.00 0.00 0.00 0.00 0.00 0.00 0.00 98.02
1705417416 15:03:36 7 3.92 0.00 0.00 0.00 0.00 0.98 0.00 0.00 0.00 95.10
1705417416 15:03:36 8 1.00 0.00 0.00 0.00 0.00 0.00 0.00 0.00 0.00 99.00
1705417416 15:03:36 9 0.00 0.00 0.00 0.00 0.00 0.00 0.00 0.00 0.00 100.00
1705417416 15:03:36 10 1.98 0.00 0.00 0.00 0.00 0.00 0.00 0.00 0.00 98.02
1705417416 15:03:36 11 1.01 0.00 0.00 0.00 0.00 0.00 0.00 0.00 0.00 98.99
1705417416 15:03:36 12 1.98 0.00 0.00 0.00 0.00 0.00 0.00 0.00 0.00 98.02
1705417416 15:03:36 13 0.00 0.00 0.00 0.00 0.00 0.00 0.00 0.00 0.00 100.00
1705417416 15:03:36 14 0.00 0.00 0.00 0.00 0.00 0.00 0.00 0.00 0.00 100.00
1705417416 15:03:36 15 2.00 0.00 0.00 0.00 0.00 0.00 0.00 0.00 0.00 98.00
1705417417 15:03:37 0 0.00 0.00 0.00 0.00 0.00 0.00 0.00 0.00 0.00 100.00
1705417417 15:03:37 1 0.00 0.00 0.00 0.00 0.00 0.00 0.00 0.00 0.00 100.00
1705417417 15:03:37 2 0.00 0.00 0.00 0.00 0.00 0.00 0.00 0.00 0.00 100.00
1705417417 15:03:37 3 2.94 0.00 0.98 0.00 0.00 0.00 0.00 0.00 0.00 96.08
1705417417 15:03:37 4 1.98 0.00 0.00 0.00 0.00 0.00 0.00 0.00 0.00 98.02
1705417417 15:03:37 5 1.00 0.00 0.00 0.00 0.00 0.00 0.00 0.00 0.00 99.00
1705417417 15:03:37 6 1.00 0.00 0.00 0.00 0.00 0.00 0.00 0.00 0.00 99.00
1705417417 15:03:37 7 3.96 0.00 0.00 0.00 0.00 0.00 0.00 0.00 0.00 96.04
1705417417 15:03:37 8 1.01 0.00 0.00 0.00 0.00 0.00 0.00 0.00 0.00 98.99
1705417417 15:03:37 9 1.98 0.00 0.00 0.00 0.00 0.00 0.00 0.00 0.00 98.02
1705417417 15:03:37 10 1.98 0.00 0.99 0.00 0.00 0.00 0.00 0.00 0.00 97.03
1705417417 15:03:37 11 1.96 0.00 0.98 0.00 0.00 0.00 0.00 0.00 0.00 97.06
1705417417 15:03:37 12 0.00 0.00 0.00 0.00 0.00 0.00 0.00 0.00 0.00 100.00
1705417417 15:03:37 13 0.99 0.00 0.00 0.00 0.00 0.00 0.00 0.00 0.00 99.01
1705417417 15:03:37 14 0.00 0.00 0.99 0.00 0.00 0.00 0.00 0.00 0.00 99.01
1705417417 15:03:37 15 1.02 0.00 0.00 0.00 0.00 0.00 0.00 0.00 0.00 98.98
1705417418 15:03:38 0 1.00 0.00 0.00 0.00 0.00 0.00 0.00 0.00 0.00 99.00
1705417418 15:03:38 1 1.98 0.00 0.00 0.00 0.00 0.00 0.00 0.00 0.00 98.02
1705417418 15:03:38 2 0.99 0.00 0.00 0.00 0.00 0.00 0.00 0.00 0.00 99.01
1705417418 15:03:38 3 1.01 0.00 1.01 0.00 0.00 0.00 0.00 0.00 0.00 97.98
1705417418 15:03:38 4 1.01 0.00 0.00 0.00 0.00 0.00 0.00 0.00 0.00 98.99
1705417418 15:03:38 5 0.00 0.00 0.00 0.00 0.00 1.01 0.00 0.00 0.00 98.99
1705417418 15:03:38 6 2.00 0.00 0.00 0.00 0.00 0.00 0.00 0.00 0.00 98.00
1705417418 15:03:38 7 3.00 0.00 0.00 0.00 0.00 0.00 0.00 0.00 0.00 97.00
1705417418 15:03:38 8 1.00 0.00 0.00 0.00 0.00 0.00 0.00 0.00 0.00 99.00
1705417418 15:03:38 9 1.01 0.00 0.00 0.00 0.00 0.00 0.00 0.00 0.00 98.99
1705417418 15:03:38 10 2.00 0.00 1.00 0.00 0.00 0.00 0.00 0.00 0.00 97.00
1705417418 15:03:38 11 2.00 0.00 0.00 0.00 0.00 0.00 0.00 0.00 0.00 98.00
1705417418 15:03:38 12 0.00 0.00 0.00 0.00 0.00 0.00 0.00 0.00 0.00 100.00
1705417418 15:03:38 13 0.00 0.00 0.00 0.00 0.00 0.00 0.00 0.00 0.00 100.00
1705417418 15:03:38 14 0.00 0.00 0.00 0.00 0.00 0.00 0.00 0.00 0.00 100.00
1705417418 15:03:38 15 1.98 0.00 0.99 0.00 0.00 0.00 0.00 0.00 0.00 97.03
1705417419 15:03:39 0 0.99 0.00 0.99 0.00 0.00 0.00 0.00 0.00 0.00 98.02
1705417419 15:03:39 1 0.00 0.00 1.00 0.00 0.00 0.00 0.00 0.00 0.00 99.00
1705417419 15:03:39 2 0.00 0.00 0.00 0.00 0.00 0.00 0.00 0.00 0.00 100.00
1705417419 15:03:39 3 2.97 0.00 0.00 0.00 0.00 0.00 0.00 0.00 0.00 97.03
1705417419 15:03:39 4 2.00 0.00 0.00 0.00 0.00 0.00 0.00 0.00 0.00 98.00
1705417419 15:03:39 5 1.00 0.00 0.00 0.00 0.00 0.00 0.00 0.00 0.00 99.00
1705417419 15:03:39 6 1.00 0.00 0.00 0.00 0.00 0.00 0.00 0.00 0.00 99.00
1705417419 15:03:39 7 2.97 0.00 0.99 0.00 0.00 0.00 0.00 0.00 0.00 96.04
1705417419 15:03:39 8 1.00 0.00 0.00 0.00 0.00 0.00 0.00 0.00 0.00 99.00
1705417419 15:03:39 9 1.00 0.00 0.00 0.00 0.00 0.00 0.00 0.00 0.00 99.00
1705417419 15:03:39 10 2.97 0.00 0.00 0.00 0.00 0.00 0.00 0.00 0.00 97.03
1705417419 15:03:39 11 1.00 0.00 1.00 0.00 0.00 0.00 0.00 0.00 0.00 98.00
1705417419 15:03:39 12 0.99 0.00 0.00 0.00 0.00 0.00 0.00 0.00 0.00 99.01
1705417419 15:03:39 13 0.00 0.00 0.99 0.00 0.00 0.00 0.00 0.00 0.00 99.01
1705417419 15:03:39 14 0.00 0.00 0.00 0.00 0.00 0.00 0.00 0.00 0.00 100.00
1705417419 15:03:39 15 1.02 0.00 0.00 0.00 0.00 0.00 0.00 0.00 0.00 98.98
1705417420 15:03:40 0 2.00 0.00 0.00 0.00 0.00 0.00 0.00 0.00 0.00 98.00
1705417420 15:03:40 1 0.00 0.00 0.00 0.00 0.00 0.00 0.00 0.00 0.00 100.00
1705417420 15:03:40 2 0.00 0.00 1.00 0.00 0.00 0.00 0.00 0.00 0.00 99.00
1705417420 15:03:40 3 3.00 0.00 0.00 0.00 0.00 0.00 0.00 0.00 0.00 97.00
1705417420 15:03:40 4 2.00 0.00 0.00 0.00 0.00 0.00 0.00 0.00 0.00 98.00
1705417420 15:03:40 5 2.00 0.00 0.00 0.00 0.00 0.00 0.00 0.00 0.00 98.00
1705417420 15:03:40 6 0.99 0.00 0.99 0.00 0.00 0.00 0.00 0.00 0.00 98.02
1705417420 15:03:40 7 3.03 0.00 0.00 0.00 0.00 0.00 0.00 0.00 0.00 96.97
1705417420 15:03:40 8 1.00 0.00 0.00 0.00 0.00 0.00 0.00 0.00 0.00 99.00
1705417420 15:03:40 9 1.01 0.00 0.00 0.00 0.00 0.00 0.00 0.00 0.00 98.99
1705417420 15:03:40 10 2.04 0.00 0.00 0.00 0.00 0.00 0.00 0.00 0.00 97.96
1705417420 15:03:40 11 2.00 0.00 1.00 0.00 0.00 0.00 0.00 0.00 0.00 97.00
1705417420 15:03:40 12 1.02 0.00 0.00 0.00 0.00 0.00 0.00 0.00 0.00 98.98
1705417420 15:03:40 13 1.00 0.00 0.00 0.00 0.00 0.00 0.00 0.00 0.00 99.00
1705417420 15:03:40 14 0.00 0.00 0.00 0.00 0.00 0.00 0.00 0.00 0.00 100.00
1705417420 15:03:40 15 1.98 0.00 0.99 0.00 0.00 0.00 0.00 0.00 0.00 97.03
1705417421 15:03:41 0 2.00 0.00 0.00 0.00 0.00 0.00 0.00 0.00 0.00 98.00
1705417421 15:03:41 1 2.00 0.00 0.00 0.00 0.00 0.00 0.00 0.00 0.00 98.00
1705417421 15:03:41 2 0.00 0.00 0.00 0.00 0.00 0.00 0.00 0.00 0.00 100.00
1705417421 15:03:41 3 0.00 0.00 1.01 0.00 0.00 0.00 0.00 0.00 0.00 98.99
1705417421 15:03:41 4 1.96 0.00 0.98 0.00 0.00 0.00 0.00 0.00 0.00 97.06
1705417421 15:03:41 5 2.00 0.00 0.00 0.00 0.00 0.00 0.00 0.00 0.00 98.00
1705417421 15:03:41 6 2.02 0.00 0.00 0.00 0.00 0.00 0.00 0.00 0.00 97.98
1705417421 15:03:41 7 2.00 0.00 0.00 0.00 0.00 1.00 0.00 0.00 0.00 97.00
1705417421 15:03:41 8 1.00 0.00 0.00 0.00 0.00 0.00 0.00 0.00 0.00 99.00
1705417421 15:03:41 9 2.00 0.00 0.00 0.00 0.00 0.00 0.00 0.00 0.00 98.00
1705417421 15:03:41 10 2.00 0.00 0.00 0.00 0.00 0.00 0.00 0.00 0.00 98.00
1705417421 15:03:41 11 1.01 0.00 1.01 0.00 0.00 0.00 0.00 0.00 0.00 97.98
1705417421 15:03:41 12 1.98 0.00 0.00 0.00 0.00 0.00 0.00 0.00 0.00 98.02
1705417421 15:03:41 13 1.00 0.00 0.00 0.00 0.00 0.00 0.00 0.00 0.00 99.00
1705417421 15:03:41 14 0.00 0.00 0.00 0.00 0.00 0.00 0.00 0.00 0.00 100.00
1705417421 15:03:41 15 1.00 0.00 1.00 0.00 0.00 0.00 0.00 0.00 0.00 98.00
1705417422 15:03:42 0 1.00 0.00 0.00 0.00 0.00 0.00 0.00 0.00 0.00 99.00
1705417422 15:03:42 1 1.00 0.00 0.00 0.00 0.00 0.00 0.00 0.00 0.00 99.00
1705417422 15:03:42 2 0.99 0.00 0.00 0.00 0.00 0.00 0.00 0.00 0.00 99.01
1705417422 15:03:42 3 2.97 0.00 0.99 0.00 0.00 0.99 0.00 0.00 0.00 95.05
1705417422 15:03:42 4 0.00 0.00 0.00 0.00 0.00 0.00 0.00 0.00 0.00 100.00
1705417422 15:03:42 5 1.00 0.00 0.00 0.00 0.00 0.00 0.00 0.00 0.00 99.00
1705417422 15:03:42 6 2.97 0.00 0.00 0.00 0.00 0.00 0.00 0.00 0.00 97.03
1705417422 15:03:42 7 3.92 0.00 0.98 0.00 0.00 0.00 0.00 0.00 0.00 95.10
1705417422 15:03:42 8 1.02 0.00 0.00 0.00 0.00 0.00 0.00 0.00 0.00 98.98
1705417422 15:03:42 9 0.99 0.00 0.99 0.00 0.00 0.00 0.00 0.00 0.00 98.02
1705417422 15:03:42 10 2.97 0.00 0.00 0.00 0.00 0.00 0.00 0.00 0.00 97.03
1705417422 15:03:42 11 2.00 0.00 1.00 0.00 0.00 0.00 0.00 0.00 0.00 97.00
1705417422 15:03:42 12 0.00 0.00 0.00 0.00 0.00 0.00 0.00 0.00 0.00 100.00
1705417422 15:03:42 13 1.00 0.00 0.00 0.00 0.00 0.00 0.00 0.00 0.00 99.00
1705417422 15:03:42 14 1.01 0.00 0.00 0.00 0.00 0.00 0.00 0.00 0.00 98.99
1705417422 15:03:42 15 2.00 0.00 0.00 0.00 0.00 0.00 0.00 0.00 0.00 98.00
1705417423 15:03:43 0 0.00 0.00 0.00 0.00 0.00 0.00 0.00 0.00 0.00 100.00
1705417423 15:03:43 1 1.00 0.00 0.00 0.00 0.00 0.00 0.00 0.00 0.00 99.00
1705417423 15:03:43 2 0.00 0.00 0.00 0.00 0.00 0.00 0.00 0.00 0.00 100.00
1705417423 15:03:43 3 2.00 0.00 0.00 0.00 0.00 0.00 0.00 0.00 0.00 98.00
1705417423 15:03:43 4 1.00 0.00 0.00 0.00 0.00 0.00 0.00 0.00 0.00 99.00
1705417423 15:03:43 5 0.00 0.00 0.00 0.00 0.00 0.00 0.00 0.00 0.00 100.00
1705417423 15:03:43 6 1.00 0.00 1.00 0.00 0.00 0.00 0.00 0.00 0.00 98.00
1705417423 15:03:43 7 3.00 0.00 1.00 0.00 0.00 0.00 0.00 0.00 0.00 96.00
1705417423 15:03:43 8 1.00 0.00 1.00 0.00 0.00 0.00 0.00 0.00 0.00 98.00
1705417423 15:03:43 9 0.00 0.00 0.00 0.00 0.00 0.00 0.00 0.00 0.00 100.00
1705417423 15:03:43 10 2.02 0.00 0.00 0.00 0.00 0.00 0.00 0.00 0.00 97.98
1705417423 15:03:43 11 0.00 0.00 1.01 0.00 0.00 0.00 0.00 0.00 0.00 98.99
1705417423 15:03:43 12 0.00 0.00 0.00 0.00 0.00 0.00 0.00 0.00 0.00 100.00
1705417423 15:03:43 13 0.00 0.00 0.00 0.00 0.00 0.00 0.00 0.00 0.00 100.00
1705417423 15:03:43 14 0.00 0.00 0.99 0.00 0.00 0.00 0.00 0.00 0.00 99.01
1705417423 15:03:43 15 1.01 0.00 0.00 0.00 0.00 0.00 0.00 0.00 0.00 98.99
1705417424 15:03:44 0 1.00 0.00 0.00 0.00 0.00 0.00 0.00 0.00 0.00 99.00
1705417424 15:03:44 1 0.00 0.00 0.00 0.00 0.00 0.00 0.00 0.00 0.00 100.00
1705417424 15:03:44 2 0.00 0.00 0.00 0.00 0.00 0.00 0.00 0.00 0.00 100.00
1705417424 15:03:44 3 1.01 0.00 1.01 0.00 0.00 0.00 0.00 0.00 0.00 97.98
1705417424 15:03:44 4 2.00 0.00 0.00 0.00 0.00 0.00 0.00 0.00 0.00 98.00
1705417424 15:03:44 5 1.98 0.00 0.99 0.00 0.00 0.00 0.00 0.00 0.00 97.03
1705417424 15:03:44 6 1.00 0.00 0.00 0.00 0.00 0.00 0.00 0.00 0.00 99.00
1705417424 15:03:44 7 1.01 0.00 0.00 0.00 0.00 0.00 0.00 0.00 0.00 98.99
1705417424 15:03:44 8 1.96 0.00 0.98 0.00 0.00 0.00 0.00 0.00 0.00 97.06
1705417424 15:03:44 9 1.98 0.00 0.99 0.00 0.00 0.00 0.00 0.00 0.00 97.03
1705417424 15:03:44 10 1.00 0.00 0.00 0.00 0.00 0.00 0.00 0.00 0.00 99.00
1705417424 15:03:44 11 2.02 0.00 0.00 0.00 0.00 0.00 0.00 0.00 0.00 97.98
1705417424 15:03:44 12 1.00 0.00 0.00 0.00 0.00 0.00 0.00 0.00 0.00 99.00
1705417424 15:03:44 13 1.00 0.00 0.00 0.00 0.00 0.00 0.00 0.00 0.00 99.00
1705417424 15:03:44 14 0.00 0.00 0.00 0.00 0.00 0.00 0.00 0.00 0.00 100.00
1705417424 15:03:44 15 2.00 0.00 0.00 0.00 0.00 0.00 0.00 0.00 0.00 98.00
1705417425 15:03:45 0 1.01 0.00 0.00 0.00 0.00 0.00 0.00 0.00 0.00 98.99
1705417425 15:03:45 1 0.00 0.00 1.00 0.00 0.00 0.00 0.00 0.00 0.00 99.00
1705417425 15:03:45 2 0.00 0.00 0.00 0.00 0.00 0.00 0.00 0.00 0.00 100.00
1705417425 15:03:45 3 2.97 0.00 0.00 0.00 0.00 0.00 0.00 0.00 0.00 97.03
1705417425 15:03:45 4 1.98 0.00 0.00 0.00 0.00 0.00 0.00 0.00 0.00 98.02
1705417425 15:03:45 5 2.00 0.00 0.00 0.00 0.00 0.00 0.00 0.00 0.00 98.00
1705417425 15:03:45 6 1.00 0.00 0.00 0.00 0.00 0.00 0.00 0.00 0.00 99.00
1705417425 15:03:45 7 3.00 0.00 0.00 0.00 0.00 0.00 0.00 0.00 0.00 97.00
1705417425 15:03:45 8 0.00 0.00 0.00 0.00 0.00 0.00 0.00 0.00 0.00 100.00
1705417425 15:03:45 9 1.00 0.00 0.00 0.00 0.00 0.00 0.00 0.00 0.00 99.00
1705417425 15:03:45 10 1.00 0.00 0.00 0.00 0.00 0.00 0.00 0.00 0.00 99.00
1705417425 15:03:45 11 1.00 0.00 1.00 0.00 0.00 0.00 0.00 0.00 0.00 98.00
1705417425 15:03:45 12 0.99 0.00 0.00 0.00 0.00 0.00 0.00 0.00 0.00 99.01
1705417425 15:03:45 13 0.00 0.00 0.99 0.00 0.00 0.00 0.00 0.00 0.00 99.01
1705417425 15:03:45 14 0.00 0.00 0.00 0.00 0.00 0.00 0.00 0.00 0.00 100.00
1705417425 15:03:45 15 1.00 0.00 1.00 0.00 0.00 0.00 0.00 0.00 0.00 98.00
1705417426 15:03:46 0 0.99 0.00 0.00 0.00 0.00 0.00 0.00 0.00 0.00 99.01
1705417426 15:03:46 1 0.00 0.00 0.00 0.00 0.00 0.00 0.00 0.00 0.00 100.00
1705417426 15:03:46 2 0.00 0.00 0.00 0.00 0.00 0.00 0.00 0.00 0.00 100.00
1705417426 15:03:46 3 1.01 0.00 0.00 0.00 0.00 0.00 0.00 0.00 0.00 98.99
1705417426 15:03:46 4 1.01 0.00 0.00 0.00 0.00 0.00 0.00 0.00 0.00 98.99
1705417426 15:03:46 5 0.00 0.00 0.00 0.00 0.00 0.00 0.00 0.00 0.00 100.00
1705417426 15:03:46 6 1.00 0.00 0.00 0.00 0.00 0.00 0.00 0.00 0.00 99.00
1705417426 15:03:46 7 1.01 0.00 0.00 0.00 0.00 0.00 0.00 0.00 0.00 98.99
1705417426 15:03:46 8 1.98 0.00 0.00 0.00 0.00 0.00 0.00 0.00 0.00 98.02
1705417426 15:03:46 9 0.00 0.00 0.00 0.00 0.00 0.00 0.00 0.00 0.00 100.00
1705417426 15:03:46 10 0.00 0.00 0.00 0.00 0.00 0.00 0.00 0.00 0.00 100.00
1705417426 15:03:46 11 1.01 0.00 0.00 0.00 0.00 0.00 0.00 0.00 0.00 98.99
1705417426 15:03:46 12 0.00 0.00 0.00 0.00 0.00 0.00 0.00 0.00 0.00 100.00
1705417426 15:03:46 13 0.00 0.00 0.00 0.00 0.00 0.00 0.00 0.00 0.00 100.00
1705417426 15:03:46 14 0.00 0.00 0.00 0.00 0.00 0.00 0.00 0.00 0.00 100.00
1705417426 15:03:46 15 1.98 0.00 0.00 0.00 0.00 0.00 0.00 0.00 0.00 98.02
1705417427 15:03:47 0 0.00 0.00 0.00 0.00 0.00 0.00 0.00 0.00 0.00 100.00
1705417427 15:03:47 1 0.00 0.00 1.98 0.00 0.00 0.00 0.00 0.00 0.00 98.02
1705417427 15:03:47 2 0.00 0.00 0.00 0.00 0.00 0.00 0.00 0.00 0.00 100.00
1705417427 15:03:47 3 0.00 0.00 0.00 0.00 0.00 0.00 0.00 0.00 0.00 100.00
1705417427 15:03:47 4 1.98 0.00 0.00 0.00 0.00 0.00 0.00 0.00 0.00 98.02
1705417427 15:03:47 5 0.00 0.00 0.00 0.00 0.00 0.00 0.00 0.00 0.00 100.00
1705417427 15:03:47 6 0.99 0.00 0.00 0.00 0.00 0.00 0.00 0.00 0.00 99.01
1705417427 15:03:47 7 0.00 0.00 0.00 0.00 0.00 0.00 0.00 0.00 0.00 100.00
1705417427 15:03:47 8 0.99 0.00 1.98 0.00 0.00 0.00 0.00 0.00 0.00 97.03
1705417427 15:03:47 9 0.00 0.00 1.00 0.00 0.00 0.00 0.00 0.00 0.00 99.00
1705417427 15:03:47 10 0.00 0.00 0.00 0.00 0.00 0.00 0.00 0.00 0.00 100.00
1705417427 15:03:47 11 0.99 0.00 0.99 0.00 0.00 0.00 0.00 0.00 0.00 98.02
1705417427 15:03:47 12 0.00 0.00 0.00 0.00 0.00 0.00 0.00 0.00 0.00 100.00
1705417427 15:03:47 13 0.00 0.00 0.00 0.00 0.00 0.00 0.00 0.00 0.00 100.00
1705417427 15:03:47 14 0.00 0.00 1.00 0.00 0.00 0.00 0.00 0.00 0.00 99.00
1705417427 15:03:47 15 1.01 0.00 0.00 0.00 0.00 0.00 0.00 0.00 0.00 98.99
1705417428 15:03:48 0 0.00 0.00 0.00 0.00 0.00 0.00 0.00 0.00 0.00 100.00
1705417428 15:03:48 1 0.00 0.00 0.00 0.00 0.00 0.00 0.00 0.00 0.00 100.00
1705417428 15:03:48 2 0.00 0.00 0.00 0.00 0.00 0.00 0.00 0.00 0.00 100.00
1705417428 15:03:48 3 0.00 0.00 0.00 0.00 0.00 0.00 0.00 0.00 0.00 100.00
1705417428 15:03:48 4 0.00 0.00 0.00 0.00 0.00 0.00 0.00 0.00 0.00 100.00
1705417428 15:03:48 5 0.00 0.00 0.00 0.00 0.00 0.00 0.00 0.00 0.00 100.00
1705417428 15:03:48 6 0.00 0.00 0.00 0.00 0.00 0.00 0.00 0.00 0.00 100.00
1705417428 15:03:48 7 0.00 0.00 0.00 0.00 0.00 0.00 0.00 0.00 0.00 100.00
1705417428 15:03:48 8 0.00 0.00 0.00 0.00 0.00 0.00 0.00 0.00 0.00 100.00
1705417428 15:03:48 9 0.00 0.00 0.00 0.00 0.00 0.00 0.00 0.00 0.00 100.00
1705417428 15:03:48 10 0.00 0.00 0.00 0.00 0.00 0.00 0.00 0.00 0.00 100.00
1705417428 15:03:48 11 0.99 0.00 0.00 0.00 0.00 0.00 0.00 0.00 0.00 99.01
1705417428 15:03:48 12 0.00 0.00 0.00 0.00 0.00 0.00 0.00 0.00 0.00 100.00
1705417428 15:03:48 13 0.00 0.00 0.00 0.00 0.00 0.00 0.00 0.00 0.00 100.00
1705417428 15:03:48 14 0.00 0.00 0.00 0.00 0.00 0.00 0.00 0.00 0.00 100.00
1705417428 15:03:48 15 0.00 0.00 0.99 0.00 0.00 0.00 0.00 0.00 0.00 99.01
1705417429 15:03:49 0 0.00 0.00 0.00 0.00 0.00 0.00 0.00 0.00 0.00 100.00
1705417429 15:03:49 1 0.00 0.00 0.00 0.00 0.00 0.00 0.00 0.00 0.00 100.00
1705417429 15:03:49 2 0.00 0.00 1.00 0.00 0.00 0.00 0.00 0.00 0.00 99.00
1705417429 15:03:49 3 0.00 0.00 0.00 0.00 0.00 0.00 0.00 0.00 0.00 100.00
1705417429 15:03:49 4 0.00 0.00 0.00 0.00 0.00 0.00 0.00 0.00 0.00 100.00
1705417429 15:03:49 5 0.00 0.00 0.00 0.00 0.00 0.00 0.00 0.00 0.00 100.00
1705417429 15:03:49 6 0.00 0.00 0.00 0.00 0.00 0.00 0.00 0.00 0.00 100.00
1705417429 15:03:49 7 0.00 0.00 0.00 0.00 0.00 0.00 0.00 0.00 0.00 100.00
1705417429 15:03:49 8 0.00 0.00 0.00 0.00 0.00 0.00 0.00 0.00 0.00 100.00
1705417429 15:03:49 9 0.00 0.00 1.00 0.00 0.00 0.00 0.00 0.00 0.00 99.00
1705417429 15:03:49 10 0.00 0.00 0.00 0.00 0.00 0.00 0.00 0.00 0.00 100.00
1705417429 15:03:49 11 0.00 0.00 0.00 0.00 0.00 0.00 0.00 0.00 0.00 100.00
1705417429 15:03:49 12 0.00 0.00 0.00 0.00 0.00 0.00 0.00 0.00 0.00 100.00
1705417429 15:03:49 13 0.00 0.00 0.99 0.00 0.00 0.00 0.00 0.00 0.00 99.01
1705417429 15:03:49 14 0.00 0.00 0.00 0.00 0.00 0.00 0.00 0.00 0.00 100.00
1705417429 15:03:49 15 0.00 0.00 0.00 0.00 0.00 0.00 0.00 0.00 0.00 100.00
1705417430 15:03:50 0 0.00 0.00 0.00 0.00 0.00 0.00 0.00 0.00 0.00 100.00
1705417430 15:03:50 1 0.00 0.00 0.00 0.00 0.00 0.00 0.00 0.00 0.00 100.00
1705417430 15:03:50 2 0.99 0.00 0.00 0.00 0.00 0.00 0.00 0.00 0.00 99.01
1705417430 15:03:50 3 0.00 0.00 0.00 0.00 0.00 0.00 0.00 0.00 0.00 100.00
1705417430 15:03:50 4 0.00 0.00 0.00 0.00 0.00 0.00 0.00 0.00 0.00 100.00
1705417430 15:03:50 5 0.00 0.00 0.00 0.00 0.00 0.00 0.00 0.00 0.00 100.00
1705417430 15:03:50 6 0.00 0.00 0.00 0.00 0.00 0.00 0.00 0.00 0.00 100.00
1705417430 15:03:50 7 0.00 0.00 0.00 0.00 0.00 0.00 0.00 0.00 0.00 100.00
1705417430 15:03:50 8 0.00 0.00 0.00 0.00 0.00 0.00 0.00 0.00 0.00 100.00
1705417430 15:03:50 9 0.00 0.00 0.00 0.00 0.00 0.00 0.00 0.00 0.00 100.00
1705417430 15:03:50 10 0.00 0.00 0.00 0.00 0.00 0.00 0.00 0.00 0.00 100.00
1705417430 15:03:50 11 0.00 0.00 0.99 0.00 0.00 0.00 0.00 0.00 0.00 99.01
1705417430 15:03:50 12 0.00 0.00 0.00 0.00 0.00 0.00 0.00 0.00 0.00 100.00
1705417430 15:03:50 13 0.00 0.00 0.00 0.00 0.00 0.00 0.00 0.00 0.00 100.00
1705417430 15:03:50 14 0.00 0.00 0.00 0.00 0.00 0.00 0.00 0.00 0.00 100.00
1705417430 15:03:50 15 0.00 0.00 0.00 0.00 0.00 0.00 0.00 0.00 0.00 100.00
1705417431 15:03:51 0 0.00 0.00 0.00 0.00 0.00 0.00 0.00 0.00 0.00 100.00
1705417431 15:03:51 1 0.00 0.00 0.00 0.00 0.00 0.00 0.00 0.00 0.00 100.00
1705417431 15:03:51 2 0.00 0.00 0.00 0.00 0.00 0.00 0.00 0.00 0.00 100.00
1705417431 15:03:51 3 1.00 0.00 0.00 0.00 0.00 0.00 0.00 0.00 0.00 99.00
1705417431 15:03:51 4 0.00 0.00 0.00 0.00 0.00 0.00 0.00 0.00 0.00 100.00
1705417431 15:03:51 5 0.00 0.00 0.00 0.00 0.00 0.00 0.00 0.00 0.00 100.00
1705417431 15:03:51 6 0.00 0.00 0.00 0.00 0.00 0.00 0.00 0.00 0.00 100.00
1705417431 15:03:51 7 0.00 0.00 0.00 0.00 0.00 0.00 0.00 0.00 0.00 100.00
1705417431 15:03:51 8 0.00 0.00 0.00 0.00 0.00 0.00 0.00 0.00 0.00 100.00
1705417431 15:03:51 9 0.00 0.00 0.00 0.00 0.00 0.00 0.00 0.00 0.00 100.00
1705417431 15:03:51 10 0.00 0.00 0.00 0.00 0.00 0.00 0.00 0.00 0.00 100.00
1705417431 15:03:51 11 1.00 0.00 0.00 0.00 0.00 0.00 0.00 0.00 0.00 99.00
1705417431 15:03:51 12 0.00 0.00 0.00 0.00 0.00 0.00 0.00 0.00 0.00 100.00
1705417431 15:03:51 13 0.00 0.00 0.00 0.00 0.00 0.00 0.00 0.00 0.00 100.00
1705417431 15:03:51 14 0.00 0.00 0.00 0.00 0.00 0.00 0.00 0.00 0.00 100.00
1705417431 15:03:51 15 1.00 0.00 0.00 0.00 0.00 0.00 0.00 0.00 0.00 99.00
1705417432 15:03:52 0 0.00 0.00 0.00 0.00 0.00 0.00 0.00 0.00 0.00 100.00
1705417432 15:03:52 1 0.00 0.00 0.99 0.00 0.00 0.00 0.00 0.00 0.00 99.01
1705417432 15:03:52 2 0.00 0.00 0.00 0.00 0.00 0.00 0.00 0.00 0.00 100.00
1705417432 15:03:52 3 0.00 0.00 0.00 0.00 0.00 0.00 0.00 0.00 0.00 100.00
1705417432 15:03:52 4 0.00 0.00 0.00 0.00 0.00 0.00 0.00 0.00 0.00 100.00
1705417432 15:03:52 5 0.00 0.00 0.00 0.00 0.00 0.00 0.00 0.00 0.00 100.00
1705417432 15:03:52 6 0.00 0.00 0.00 0.00 0.00 0.00 0.00 0.00 0.00 100.00
1705417432 15:03:52 7 0.99 0.00 0.00 0.00 0.00 0.00 0.00 0.00 0.00 99.01
1705417432 15:03:52 8 0.00 0.00 0.00 0.00 0.00 0.00 0.00 0.00 0.00 100.00
1705417432 15:03:52 9 0.00 0.00 0.00 0.00 0.00 0.00 0.00 0.00 0.00 100.00
1705417432 15:03:52 10 0.00 0.00 0.00 0.00 0.00 0.00 0.00 0.00 0.00 100.00
1705417432 15:03:52 11 0.00 0.00 0.99 0.00 0.00 0.00 0.00 0.00 0.00 99.01
1705417432 15:03:52 12 0.00 0.00 0.00 0.00 0.00 0.00 0.00 0.00 0.00 100.00
1705417432 15:03:52 13 0.00 0.00 0.00 0.00 0.00 0.00 0.00 0.00 0.00 100.00
1705417432 15:03:52 14 0.99 0.00 0.00 0.00 0.00 0.00 0.00 0.00 0.00 99.01
1705417432 15:03:52 15 0.00 0.00 0.00 0.00 0.00 0.00 0.00 0.00 0.00 100.00
1705417433 15:03:53 0 0.00 0.00 0.99 0.00 0.00 0.00 0.00 0.00 0.00 99.01
1705417433 15:03:53 1 0.00 0.00 0.00 0.00 0.00 0.00 0.00 0.00 0.00 100.00
1705417433 15:03:53 2 0.00 0.00 0.00 0.00 0.00 0.00 0.00 0.00 0.00 100.00
1705417433 15:03:53 3 0.00 0.00 0.99 0.00 0.00 0.00 0.00 0.00 0.00 99.01
1705417433 15:03:53 4 0.00 0.00 0.00 0.00 0.00 0.00 0.00 0.00 0.00 100.00
1705417433 15:03:53 5 0.00 0.00 0.00 0.00 0.00 0.00 0.00 0.00 0.00 100.00
1705417433 15:03:53 6 1.00 0.00 0.00 0.00 0.00 0.00 0.00 0.00 0.00 99.00
1705417433 15:03:53 7 0.00 0.00 0.99 0.00 0.00 0.00 0.00 0.00 0.00 99.01
1705417433 15:03:53 8 0.00 0.00 0.00 0.00 0.00 0.00 0.00 0.00 0.00 100.00
1705417433 15:03:53 9 0.00 0.00 0.00 0.00 0.00 0.00 0.00 0.00 0.00 100.00
1705417433 15:03:53 10 0.00 0.00 0.00 0.00 0.00 0.00 0.00 0.00 0.00 100.00
1705417433 15:03:53 11 0.00 0.00 0.00 0.00 0.00 0.00 0.00 0.00 0.00 100.00
1705417433 15:03:53 12 0.00 0.00 0.00 0.00 0.00 0.00 0.00 0.00 0.00 100.00
1705417433 15:03:53 13 0.00 0.00 0.00 0.00 0.00 0.00 0.00 0.00 0.00 100.00
1705417433 15:03:53 14 0.00 0.00 0.00 0.00 0.00 0.00 0.00 0.00 0.00 100.00
1705417433 15:03:53 15 0.00 0.00 0.99 0.00 0.00 0.00 0.00 0.00 0.00 99.01
1705417434 15:03:54 0 0.00 0.00 0.00 0.00 0.00 0.00 0.00 0.00 0.00 100.00
1705417434 15:03:54 1 0.00 0.00 0.00 0.00 0.00 0.00 0.00 0.00 0.00 100.00
1705417434 15:03:54 2 0.00 0.00 0.00 0.00 0.00 0.00 0.00 0.00 0.00 100.00
1705417434 15:03:54 3 0.00 0.00 0.00 0.00 0.00 0.00 0.00 0.00 0.00 100.00
1705417434 15:03:54 4 0.00 0.00 0.00 0.00 0.00 0.00 0.00 0.00 0.00 100.00
1705417434 15:03:54 5 0.00 0.00 0.00 0.00 0.00 0.00 0.00 0.00 0.00 100.00
1705417434 15:03:54 6 0.00 0.00 0.00 0.00 0.00 0.00 0.00 0.00 0.00 100.00
1705417434 15:03:54 7 0.00 0.00 0.00 0.00 0.00 0.00 0.00 0.00 0.00 100.00
1705417434 15:03:54 8 0.00 0.00 0.00 0.00 0.00 0.00 0.00 0.00 0.00 100.00
1705417434 15:03:54 9 0.00 0.00 0.00 0.00 0.00 0.00 0.00 0.00 0.00 100.00
1705417434 15:03:54 10 0.00 0.00 0.00 0.00 0.00 0.00 0.00 0.00 0.00 100.00
1705417434 15:03:54 11 0.00 0.00 0.00 0.00 0.00 0.00 0.00 0.00 0.00 100.00
1705417434 15:03:54 12 0.00 0.00 0.00 0.00 0.00 0.00 0.00 0.00 0.00 100.00
1705417434 15:03:54 13 0.00 0.00 0.99 0.00 0.00 0.00 0.00 0.00 0.00 99.01
1705417434 15:03:54 14 0.00 0.00 0.00 0.00 0.00 0.00 0.00 0.00 0.00 100.00
1705417434 15:03:54 15 0.00 0.00 0.00 0.00 0.00 0.00 0.00 0.00 0.00 100.00
1705417435 15:03:55 0 0.00 0.00 0.00 0.00 0.00 0.00 0.00 0.00 0.00 100.00
1705417435 15:03:55 1 0.00 0.00 1.00 0.00 0.00 0.00 0.00 0.00 0.00 99.00
1705417435 15:03:55 2 0.00 0.00 0.00 0.00 0.00 0.00 0.00 0.00 0.00 100.00
1705417435 15:03:55 3 0.00 0.00 0.00 0.00 0.00 0.00 0.00 0.00 0.00 100.00
1705417435 15:03:55 4 0.00 0.00 0.00 0.00 0.00 0.00 0.00 0.00 0.00 100.00
1705417435 15:03:55 5 0.00 0.00 0.00 0.00 0.00 0.00 0.00 0.00 0.00 100.00
1705417435 15:03:55 6 0.00 0.00 0.00 0.00 0.00 0.00 0.00 0.00 0.00 100.00
1705417435 15:03:55 7 0.99 0.00 0.00 0.00 0.00 0.00 0.00 0.00 0.00 99.01
1705417435 15:03:55 8 0.00 0.00 1.00 0.00 0.00 0.00 0.00 0.00 0.00 99.00
1705417435 15:03:55 9 0.00 0.00 0.00 0.00 0.00 0.00 0.00 0.00 0.00 100.00
1705417435 15:03:55 10 0.00 0.00 0.00 0.00 0.00 0.00 0.00 0.00 0.00 100.00
1705417435 15:03:55 11 0.00 0.00 0.99 0.00 0.00 0.00 0.00 0.00 0.00 99.01
1705417435 15:03:55 12 0.00 0.00 0.00 0.00 0.00 0.00 0.00 0.00 0.00 100.00
1705417435 15:03:55 13 0.00 0.00 0.00 0.00 0.00 0.00 0.00 0.00 0.00 100.00
1705417435 15:03:55 14 0.00 0.00 0.00 0.00 0.00 0.00 0.00 0.00 0.00 100.00
1705417435 15:03:55 15 0.00 0.00 0.00 0.00 0.00 0.00 0.00 0.00 0.00 100.00
1705417436 15:03:56 0 0.00 0.00 0.00 0.00 0.00 0.00 0.00 0.00 0.00 100.00
1705417436 15:03:56 1 0.00 0.00 0.00 0.00 0.00 0.00 0.00 0.00 0.00 100.00
1705417436 15:03:56 2 0.00 0.00 0.00 0.00 0.00 0.00 0.00 0.00 0.00 100.00
1705417436 15:03:56 3 0.00 0.00 0.00 0.00 0.00 0.00 0.00 0.00 0.00 100.00
1705417436 15:03:56 4 0.00 0.00 0.00 0.00 0.00 0.00 0.00 0.00 0.00 100.00
1705417436 15:03:56 5 0.00 0.00 0.00 0.00 0.00 0.00 0.00 0.00 0.00 100.00
1705417436 15:03:56 6 0.00 0.00 0.00 0.00 0.00 0.00 0.00 0.00 0.00 100.00
1705417436 15:03:56 7 0.00 0.00 0.00 0.00 0.00 0.00 0.00 0.00 0.00 100.00
1705417436 15:03:56 8 0.00 0.00 0.00 0.00 0.00 0.00 0.00 0.00 0.00 100.00
1705417436 15:03:56 9 0.00 0.00 0.00 0.00 0.00 0.00 0.00 0.00 0.00 100.00
1705417436 15:03:56 10 0.99 0.00 0.00 0.00 0.00 0.00 0.00 0.00 0.00 99.01
1705417436 15:03:56 11 0.00 0.00 0.00 0.00 0.00 0.00 0.00 0.00 0.00 100.00
1705417436 15:03:56 12 0.00 0.00 0.00 0.00 0.00 0.00 0.00 0.00 0.00 100.00
1705417436 15:03:56 13 0.00 0.00 0.00 0.00 0.00 0.00 0.00 0.00 0.00 100.00
1705417436 15:03:56 14 0.00 0.00 0.00 0.00 0.00 0.00 0.00 0.00 0.00 100.00
1705417436 15:03:56 15 0.98 0.00 0.98 0.00 0.00 0.00 0.00 0.00 0.00 98.04
1705417437 15:03:57 0 0.00 0.00 0.00 0.00 0.00 0.00 0.00 0.00 0.00 100.00
1705417437 15:03:57 1 0.00 0.00 0.99 0.00 0.00 0.00 0.00 0.00 0.00 99.01
1705417437 15:03:57 2 0.00 0.00 0.00 0.00 0.00 0.00 0.00 0.00 0.00 100.00
1705417437 15:03:57 3 0.00 0.00 0.00 0.00 0.00 0.00 0.00 0.00 0.00 100.00
1705417437 15:03:57 4 0.00 0.00 0.00 0.00 0.00 0.00 0.00 0.00 0.00 100.00
1705417437 15:03:57 5 0.00 0.00 0.00 0.00 0.00 0.00 0.00 0.00 0.00 100.00
1705417437 15:03:57 6 0.00 0.00 0.00 0.00 0.00 0.00 0.00 0.00 0.00 100.00
1705417437 15:03:57 7 0.99 0.00 0.00 0.00 0.00 0.00 0.00 0.00 0.00 99.01
1705417437 15:03:57 8 0.00 0.00 0.00 0.00 0.00 0.00 0.00 0.00 0.00 100.00
1705417437 15:03:57 9 0.00 0.00 0.00 0.00 0.00 0.00 0.00 0.00 0.00 100.00
1705417437 15:03:57 10 0.00 0.00 0.00 0.00 0.00 0.00 0.00 0.00 0.00 100.00
1705417437 15:03:57 11 0.00 0.00 0.99 0.00 0.00 0.00 0.00 0.00 0.00 99.01
1705417437 15:03:57 12 0.00 0.00 0.00 0.00 0.00 0.00 0.00 0.00 0.00 100.00
1705417437 15:03:57 13 0.00 0.00 0.00 0.00 0.00 0.00 0.00 0.00 0.00 100.00
1705417437 15:03:57 14 0.00 0.00 0.00 0.00 0.00 0.00 0.00 0.00 0.00 100.00
1705417437 15:03:57 15 0.00 0.00 0.00 0.00 0.00 0.00 0.00 0.00 0.00 100.00
1705417438 15:03:58 0 0.00 0.00 0.00 0.00 0.00 0.00 0.00 0.00 0.00 100.00
1705417438 15:03:58 1 0.00 0.00 1.00 0.00 0.00 0.00 0.00 0.00 0.00 99.00
1705417438 15:03:58 2 0.00 0.00 0.00 0.00 0.00 0.00 0.00 0.00 0.00 100.00
1705417438 15:03:58 3 0.99 0.00 0.00 0.00 0.00 0.00 0.00 0.00 0.00 99.01
1705417438 15:03:58 4 0.00 0.00 0.00 0.00 0.00 0.00 0.00 0.00 0.00 100.00
1705417438 15:03:58 5 0.00 0.00 0.00 0.00 0.00 0.00 0.00 0.00 0.00 100.00
1705417438 15:03:58 6 0.00 0.00 0.00 0.00 0.00 0.00 0.00 0.00 0.00 100.00
1705417438 15:03:58 7 0.00 0.00 0.99 0.00 0.00 0.00 0.00 0.00 0.00 99.01
1705417438 15:03:58 8 0.00 0.00 0.00 0.00 0.00 0.00 0.00 0.00 0.00 100.00
1705417438 15:03:58 9 0.00 0.00 0.00 0.00 0.00 0.00 0.00 0.00 0.00 100.00
1705417438 15:03:58 10 0.00 0.00 0.00 0.00 0.00 0.00 0.00 0.00 0.00 100.00
1705417438 15:03:58 11 0.00 0.00 1.00 0.00 0.00 0.00 0.00 0.00 0.00 99.00
1705417438 15:03:58 12 0.00 0.00 0.00 0.00 0.00 0.00 0.00 0.00 0.00 100.00
1705417438 15:03:58 13 0.00 0.00 0.00 0.00 0.00 0.00 0.00 0.00 0.00 100.00
1705417438 15:03:58 14 0.00 0.00 0.00 0.00 0.00 0.00 0.00 0.00 0.00 100.00
1705417438 15:03:58 15 0.00 0.00 0.00 0.00 0.00 0.00 0.00 0.00 0.00 100.00
1705417439 15:03:59 0 0.00 0.00 0.00 0.00 0.00 0.00 0.00 0.00 0.00 100.00
1705417439 15:03:59 1 0.00 0.00 0.00 0.00 0.00 0.00 0.00 0.00 0.00 100.00
1705417439 15:03:59 2 0.00 0.00 0.99 0.00 0.00 0.00 0.00 0.00 0.00 99.01
1705417439 15:03:59 3 0.00 0.00 0.99 0.00 0.00 0.00 0.00 0.00 0.00 99.01
1705417439 15:03:59 4 0.00 0.00 0.00 0.00 0.00 0.00 0.00 0.00 0.00 100.00
1705417439 15:03:59 5 0.00 0.00 0.00 0.00 0.00 0.00 0.00 0.00 0.00 100.00
1705417439 15:03:59 6 0.00 0.00 0.00 0.00 0.00 0.00 0.00 0.00 0.00 100.00
1705417439 15:03:59 7 0.00 0.00 0.00 0.00 0.00 0.00 0.00 0.00 0.00 100.00
1705417439 15:03:59 8 0.00 0.00 0.00 0.00 0.00 0.00 0.00 0.00 0.00 100.00
1705417439 15:03:59 9 0.00 0.00 0.00 0.00 0.00 0.00 0.00 0.00 0.00 100.00
1705417439 15:03:59 10 0.00 0.00 0.00 0.00 0.00 0.00 0.00 0.00 0.00 100.00
1705417439 15:03:59 11 0.99 0.00 0.00 0.00 0.00 0.00 0.00 0.00 0.00 99.01
1705417439 15:03:59 12 0.00 0.00 0.00 0.00 0.00 0.00 0.00 0.00 0.00 100.00
1705417439 15:03:59 13 0.00 0.00 0.00 0.00 0.00 0.00 0.00 0.00 0.00 100.00
1705417439 15:03:59 14 0.00 0.00 0.00 0.00 0.00 0.00 0.00 0.00 0.00 100.00
1705417439 15:03:59 15 0.00 0.00 0.00 0.00 0.00 0.00 0.00 0.00 0.00 100.00
1705417440 15:04:00 0 0.00 0.00 0.00 0.00 0.00 0.00 0.00 0.00 0.00 100.00
1705417440 15:04:00 1 0.98 0.00 0.98 0.00 0.00 0.00 0.00 0.00 0.00 98.04
1705417440 15:04:00 2 0.00 0.00 0.00 0.00 0.00 0.00 0.00 0.00 0.00 100.00
1705417440 15:04:00 3 0.00 0.00 0.00 0.00 0.00 0.00 0.00 0.00 0.00 100.00
1705417440 15:04:00 4 0.00 0.00 0.00 0.00 0.00 0.00 0.00 0.00 0.00 100.00
1705417440 15:04:00 5 0.00 0.00 0.00 0.00 0.00 0.00 0.00 0.00 0.00 100.00
1705417440 15:04:00 6 0.00 0.00 0.00 0.00 0.00 0.00 0.00 0.00 0.00 100.00
1705417440 15:04:00 7 0.00 0.00 0.00 0.00 0.00 0.00 0.00 0.00 0.00 100.00
1705417440 15:04:00 8 0.00 0.00 0.00 0.00 0.00 0.00 0.00 0.00 0.00 100.00
1705417440 15:04:00 9 0.00 0.00 0.00 0.00 0.00 0.00 0.00 0.00 0.00 100.00
1705417440 15:04:00 10 0.00 0.00 0.99 0.00 0.00 0.00 0.00 0.00 0.00 99.01
1705417440 15:04:00 11 0.00 0.00 0.00 0.00 0.00 0.00 0.00 0.00 0.00 100.00
1705417440 15:04:00 12 0.00 0.00 0.00 0.00 0.00 0.00 0.00 0.00 0.00 100.00
1705417440 15:04:00 13 0.00 0.00 0.00 0.00 0.00 0.00 0.00 0.00 0.00 100.00
1705417440 15:04:00 14 0.00 0.00 0.00 0.00 0.00 0.00 0.00 0.00 0.00 100.00
1705417440 15:04:00 15 0.00 0.00 1.00 0.00 0.00 0.00 0.00 0.00 0.00 99.00
1705417441 15:04:01 0 0.00 0.00 0.00 0.00 0.00 0.00 0.00 0.00 0.00 100.00
1705417441 15:04:01 1 0.99 0.00 0.00 0.00 0.00 0.00 0.00 0.00 0.00 99.01
1705417441 15:04:01 2 0.00 0.00 0.00 0.00 0.00 0.00 0.00 0.00 0.00 100.00
1705417441 15:04:01 3 0.00 0.00 0.00 0.00 0.00 0.00 0.00 0.00 0.00 100.00
1705417441 15:04:01 4 0.00 0.00 0.00 0.00 0.00 0.00 0.00 0.00 0.00 100.00
1705417441 15:04:01 5 0.00 0.00 0.00 0.00 0.00 0.00 0.00 0.00 0.00 100.00
1705417441 15:04:01 6 0.00 0.00 0.00 0.00 0.00 0.00 0.00 0.00 0.00 100.00
1705417441 15:04:01 7 0.00 0.00 0.00 0.00 0.00 0.00 0.00 0.00 0.00 100.00
1705417441 15:04:01 8 0.00 0.00 0.00 0.00 0.00 0.00 0.00 0.00 0.00 100.00
1705417441 15:04:01 9 0.00 0.00 0.00 0.00 0.00 0.00 0.00 0.00 0.00 100.00
1705417441 15:04:01 10 0.00 0.00 0.00 0.00 0.00 0.00 0.00 0.00 0.00 100.00
1705417441 15:04:01 11 0.00 0.00 0.00 0.00 0.00 0.00 0.00 0.00 0.00 100.00
1705417441 15:04:01 12 0.00 0.00 0.00 0.00 0.00 0.00 0.00 0.00 0.00 100.00
1705417441 15:04:01 13 0.00 0.00 0.00 0.00 0.00 0.00 0.00 0.00 0.00 100.00
1705417441 15:04:01 14 0.00 0.00 0.00 0.00 0.00 0.00 0.00 0.00 0.00 100.00
1705417441 15:04:01 15 0.99 0.00 0.00 0.00 0.00 0.00 0.00 0.00 0.00 99.01
1705417442 15:04:02 0 0.00 0.00 0.00 0.00 0.00 0.00 0.00 0.00 0.00 100.00
1705417442 15:04:02 1 0.00 0.00 0.00 0.00 0.00 0.00 0.00 0.00 0.00 100.00
1705417442 15:04:02 2 0.00 0.00 0.00 0.00 0.00 0.00 0.00 0.00 0.00 100.00
1705417442 15:04:02 3 0.00 0.00 0.99 0.00 0.00 0.00 0.00 0.00 0.00 99.01
1705417442 15:04:02 4 0.00 0.00 0.00 0.00 0.00 0.00 0.00 0.00 0.00 100.00
1705417442 15:04:02 5 0.00 0.00 0.00 0.00 0.00 0.00 0.00 0.00 0.00 100.00
1705417442 15:04:02 6 0.00 0.00 0.00 0.00 0.00 0.00 0.00 0.00 0.00 100.00
1705417442 15:04:02 7 0.00 0.00 0.00 0.00 0.00 0.00 0.00 0.00 0.00 100.00
1705417442 15:04:02 8 0.00 0.00 0.00 0.00 0.00 0.00 0.00 0.00 0.00 100.00
1705417442 15:04:02 9 1.00 0.00 0.00 0.00 0.00 0.00 0.00 0.00 0.00 99.00
1705417442 15:04:02 10 0.00 0.00 0.00 0.00 0.00 0.00 0.00 0.00 0.00 100.00
1705417442 15:04:02 11 0.00 0.00 0.00 0.00 0.00 0.00 0.00 0.00 0.00 100.00
1705417442 15:04:02 12 0.00 0.00 0.00 0.00 0.00 0.00 0.00 0.00 0.00 100.00
1705417442 15:04:02 13 0.00 0.00 0.00 0.00 0.00 0.00 0.00 0.00 0.00 100.00
1705417442 15:04:02 14 0.00 0.00 0.00 0.00 0.00 0.00 0.00 0.00 0.00 100.00
1705417442 15:04:02 15 0.00 0.00 0.00 0.00 0.00 0.00 0.00 0.00 0.00 100.00
1705417443 15:04:03 0 0.00 0.00 0.00 0.00 0.00 0.00 0.00 0.00 0.00 100.00
1705417443 15:04:03 1 0.00 0.00 0.00 0.00 0.00 0.00 0.00 0.00 0.00 100.00
1705417443 15:04:03 2 0.98 0.00 0.98 0.00 0.00 0.00 0.00 0.00 0.00 98.04
1705417443 15:04:03 3 0.00 0.00 0.00 0.00 0.00 0.00 0.00 0.00 0.00 100.00
1705417443 15:04:03 4 0.00 0.00 0.00 0.00 0.00 0.00 0.00 0.00 0.00 100.00
1705417443 15:04:03 5 0.00 0.00 0.00 0.00 0.00 0.00 0.00 0.00 0.00 100.00
1705417443 15:04:03 6 0.00 0.00 0.00 0.00 0.00 0.00 0.00 0.00 0.00 100.00
1705417443 15:04:03 7 0.99 0.00 0.00 0.00 0.00 0.00 0.00 0.00 0.00 99.01
1705417443 15:04:03 8 0.00 0.00 0.00 0.00 0.00 0.00 0.00 0.00 0.00 100.00
1705417443 15:04:03 9 0.00 0.00 0.00 0.00 0.00 0.00 0.00 0.00 0.00 100.00
1705417443 15:04:03 10 0.00 0.00 0.00 0.00 0.00 0.00 0.00 0.00 0.00 100.00
1705417443 15:04:03 11 0.00 0.00 0.99 0.00 0.00 0.00 0.00 0.00 0.00 99.01
1705417443 15:04:03 12 0.00 0.00 0.00 0.00 0.00 0.00 0.00 0.00 0.00 100.00
1705417443 15:04:03 13 0.00 0.00 0.00 0.00 0.00 0.00 0.00 0.00 0.00 100.00
1705417443 15:04:03 14 0.00 0.00 0.00 0.00 0.00 0.00 0.00 0.00 0.00 100.00
1705417443 15:04:03 15 0.00 0.00 0.99 0.00 0.00 0.00 0.00 0.00 0.00 99.01
